30000142
30000145
30000143
30000144
30000140
30000139
30000141
30000129
30030141
30000130
30000128
30000127
30000126
30000131
30000146
30000147
30000150
30000152
30000148
30000149
30000151
30000173
30000179
30000175
30000178
30000174
30000176
30000177
30000188
30000194
30000191
30000189
30000190
30000193
30000201
30000207
30000203
30000202
30000204
30000205
30000169
30000172
30000171
30000168
30000166
30000165
30000167
30000170
30000158
30000155
30000154
30000153
30000156
30000133
30021407
30000138
30000132
30000134
30000136
30000137
30000135
30000119
30000125
30000124
30000123
30000121
30000120
30000122
30000180
30000187
30000184
30000182
30000183
30000181
30000185
30000186
30000163
30000162
30000161
30000159
30000160
30000164
30000195
30000200
30000196
30000198
30000197
30000199
60001624
30003446
30003444
30003442
30003441
30003445
30003443
30003427
30003426
30003425
30003423
30003424
30003422
30003392
30003391
30003390
30003389
30043410
30003388
30003387
30003382
30003383
30003381
30003386
30003385
30003384
30003393
30003395
30003394
30003398
30003397
30003396
30003399
30003428
30003429
30003430
30003433
30003431
30003432
30003408
30003400
30003401
30003407
30003404
30003402
30003405
30003406
30003403
30033410
30003377
30003379
30003376
30022505
30003374
30003378
30003375
30003380
30013410
30003409
30023410
30003410
30003411
30003412
30003415
30003413
30003414
30003459
30003465
30003460
30003461
30003463
30003462
30003464
30003466
30003467
30003472
30003468
30003469
30003471
30003470
30003453
30003457
30003458
30003456
30003455
30003454
30002053
30002049
30002048
30002052
30002050
30002051
30002060
30002066
30002065
30002061
30002062
30002064
30002067
30002063
30002099
30002102
30002101
30002100
30002098
30002097
30002057
30002058
30002056
30002059
30002055
30002054
30002068
30002074
30002073
30002072
30002070
30002075
30002071
30002069
30002076
30002080
30002081
30002078
30002077
30002089
30002085
30002087
30002088
30002084
30002086
30002083
30002082
30002090
30002094
30002092
30002091
30002093
30002095
30002096
30003416
30003420
30003418
30003417
30003419
30003421
30003434
30003440
30003435
30003438
30003436
30003437
30003439
30003447
30003451
30003448
30003449
30003450
30003452
60009223
30005198
30005205
30005200
30005199
30005206
30005204
30005203
30005201
30005202
30005214
30005215
30005216
30005217
30005218
30005219
30005220
30005243
30005247
30005248
30005245
30005244
30005246
30005249
30005252
30005251
30005254
30005250
30005253
30005256
30005260
30005255
30005259
30005257
30005258
30005268
30005271
30005273
30005274
30005272
30005270
30005267
30005269
30005235
30005232
30005233
30005234
30005231
30005230
30005229
30005291
30005294
30005289
30005288
30005290
30005293
30005292
30005223
30005222
30005221
30005224
30005228
30005225
30005226
30005227
30005208
30005207
30005209
30005211
30005210
30005212
30005213
30005197
30005195
30005194
30005193
30005196
30005192
30005261
30005263
30005262
30005265
30005264
30005266
30005281
30005282
30005287
30005285
30005283
30005284
30005286
30005239
30005241
30005242
30005240
30005237
30005236
30005238
30005275
30005278
30005277
30005276
30005279
30005280
60008236
30004230
30004231
30004234
30004235
30004232
30004233
30004236
30004238
30004237
30004241
30004239
30004240
30004242
30004247
30004243
30004244
30004245
30004246
30004267
30004271
30004272
30004269
30004268
30004270
30004280
30004281
30004282
30004287
30004286
30004285
30004283
30004284
30004297
30004298
30004302
30004300
30004301
30004299
30004288
30004292
30004294
30004291
30004289
30004293
30004296
30004295
30004290
30004303
30004305
30004309
30004306
30004304
30004307
30004308
30004273
30004276
30004279
30004277
30004278
30004275
30004274
30004254
30004266
30004264
30004261
30004259
30004258
30004257
30004255
30004256
30004260
30004263
30004262
30004265
30004248
30004252
30004250
30004249
30004253
30004251
60008155
30003600
30003601
30003599
30003598
30003597
30003596
30003594
30003595
30003571
30003572
30003570
30003568
30003567
30003565
30003566
30003569
30003573
30003574
30003577
30003575
30003576
30003578
30003588
30003589
30003591
30003590
30003592
30003593
30003579
30003587
30003585
30003584
30003583
30003580
30003581
30003582
30003586
30003602
30003603
30003607
30003606
30003604
30003605
60009448
30003823
30003821
30003819
30003818
30003820
30003822
30003805
30003802
30003801
30003800
30003803
30003804
30003792
30003793
30003787
30003791
30003789
30003788
30003790
30003826
30003828
30003829
30003827
30003825
30003824
30003811
30003810
30003809
30003808
30003806
30003807
30003794
30003797
30003799
30003796
30003795
30003798
30003847
30003848
30003849
30003846
30003845
30003844
30003843
30003812
30003813
30003814
30003817
30003815
30003816
30003833
30003830
30003831
30003835
30003832
30003834
30003850
30003856
30003853
30003851
30003852
30003857
30003854
30003855
30003840
30003842
30003839
30003837
30003841
30003836
30003838
60011011
30045319
30045318
30045317
30045315
30045314
30045316
30045320
30045340
30045342
30045339
30045344
30045343
30045338
30045341
30045353
30045347
30045352
30045348
30045345
30045350
30045346
30045354
30045349
30045351
30045330
30045334
30045335
30045331
30045332
30045336
30045333
30045337
30045322
30045321
30045325
30045324
30045327
30045323
30045326
30045308
30045311
30045313
30045307
30045312
30045309
30045306
30045310
60015109
30001440
30001442
30001441
30001439
30001438
30001437
30001422
30001420
30001421
30001423
30001419
30001417
30001416
30001418
30001398
30001401
30001403
30001399
30001400
30001402
30001388
30001391
30001386
30001389
30001387
30001390
30001363
30001362
30021392
30001364
30001365
30001366
30001367
30001382
30001380
30001384
30001385
30001383
30001361
30001356
30001358
30001360
30001357
30001359
30001394
30001396
30001397
30001395
30001393
30001392
30001378
30011392
30001375
30001374
30001376
30041407
30001379
30001377
30031407
30001410
30001411
30001412
30001414
30001415
30001371
30001370
30001368
30001369
30001373
30001405
30001407
30001406
30011407
30001404
30001408
30001409
30001443
30001444
30001446
30001448
30001447
30001424
30001425
30001426
30001427
30001428
30001429
30001435
30001436
30001434
30001433
30001432
30001431
30001430
60002053
30002642
30002647
30002645
30002646
30002643
30002644
30002686
30002691
30002690
30002687
30002689
30002685
30002688
30002707
30002709
30002710
30032715
30002711
30002706
30002708
30022715
30002639
30002636
30002640
30002637
30002633
30002632
30002641
30002634
30002635
30002638
30002671
30002674
30002668
30002669
30002670
30002675
30002672
30002673
30002724
30002728
30002726
30002725
30002727
30002729
30002730
30002654
30002653
30002648
30002649
30002650
30002651
30002696
30002698
30002697
30002694
30002693
30002695
30002692
30002699
30002704
30002703
30002700
30002701
30002705
30002734
30002736
30002735
30042715
30002733
30002731
30002732
30002667
30002664
30002663
30002666
30002662
30002665
30002712
30002717
30002715
30002714
30002716
30002713
30002676
30002680
30002684
30002678
30002677
30002683
30002679
30002681
30002682
30002720
30002721
30002719
30002718
30002722
30002723
30002655
30002660
30002661
30002659
30002658
30002657
30002656
30012715
60015013
30003026
30003030
30003025
30003024
30003027
30003029
30003028
30003019
30003021
30003018
30003017
30003020
30003022
30003023
30003038
30003042
30003043
30003041
30003039
30003040
30003044
30003057
30003059
30003058
30003062
30003060
30003061
30003012
30003016
30003009
30003011
30003010
30003014
30003013
30003015
30003045
30003053
30003051
30003049
30003054
30003056
30003050
30003047
30003048
30003052
30003055
30003031
30003032
30003034
30003033
30003035
30003036
30003037
60005827
30004967
30004968
30004969
30004971
30004970
30004972
30014971
30005015
30034971
30044971
30005016
30005021
30005018
30005017
30005019
30005020
30005022
30005023
30004993
30005000
30004999
30004997
30004995
30004994
30004996
30004998
30005009
30005013
30005012
30005014
30005010
30005011
30004991
30004992
30004990
30004987
30004989
30004988
30005006
30005007
30005008
30005003
30005001
30005002
30005004
30004978
30004975
30004973
30004974
30004976
30004977
30004979
30004984
30004982
30004985
30004980
30004981
30004983
30004986
30005026
30005028
30005027
30005025
30005024
30024971
60015030
30005331
30005334
30005332
30005330
30005333
30005329
30005295
30005300
30005297
30005296
30005298
30005299
30005320
30005321
30005319
30005317
30045305
30005316
30005318
30005315
30035305
30005305
30005307
30015305
30005304
30005306
30005302
30025305
30005301
30005303
30005322
30005323
30005324
30005325
30005326
30005327
30005328
30005312
30005314
30005313
30005309
30005310
30005308
30005311
60011203
30003089
30003090
30003088
30003087
30003086
30003091
30003071
30003076
30003070
30003074
30003079
30003075
30003073
30003072
30003077
30003078
30003092
30003096
30003093
30003094
30003095
30003097
30003069
30003064
30003066
30003065
30003067
30003068
30003063
30003081
30003085
30003084
30003082
30003080
30003083
60000073
30002994
30002992
30002991
30002989
30002988
30002993
30002990
30002999
30003000
30002997
30002998
30002996
30002995
30002967
30002966
30002965
30002968
30002964
30002963
30002970
30002971
30002972
30002974
30002969
30002973
30002958
30002957
30002961
30002959
30002960
30002962
30002979
30002980
30002978
30002981
30002977
30002976
30002975
30003001
30003003
30003005
30003007
30003008
30003006
30003004
30003002
30002986
30002982
30002985
30002987
30002984
30002983
60008068
30000072
30000075
30000074
30000071
30000070
30000073
30000012
30000016
30000015
30000014
30000013
30000010
30000009
30000011
30000038
30000043
30000040
30000039
30000041
30000042
30000100
30000097
30000096
30000095
30000104
30000102
30000098
30000099
30000103
30000101
30000105
30000058
30000068
30000061
30000057
30000059
30000065
30000067
30000062
30000060
30000063
30000069
30000066
30000064
30000028
30000027
30000024
30000025
30000026
30000029
30000030
30000023
30000006
30000008
30000007
30000003
30000001
30000005
30000004
30000002
30000032
30000034
30000033
30000031
30000035
30000036
30000037
30000114
30000116
30000115
30000113
30000117
30000118
30000112
30000076
30000079
30000077
30000078
30000080
30000081
30000052
30000055
30000054
30000053
30000051
30000056
30000109
30000110
30000111
30000108
30000107
30000106
30000048
30000049
30000045
30000044
30000046
30000047
30000050
30000018
30000020
30000017
30000022
30000019
30000090
30000093
30000091
30000089
30000092
30000094
30000085
30000086
30000084
30000082
30000083
30000087
30000088
60007564
30002509
30002510
30002507
30002506
30002508
30012505
30002511
30002505
30002518
30032505
30002519
30002521
30002520
30002522
30002523
30002531
30002535
30002534
30002533
30002532
30002536
30002549
30002552
30002550
30002554
30002551
30002553
30002580
30002575
30002574
30002576
30002577
30002578
30002579
30002556
30002561
30002560
30002559
30002555
30002558
30002557
30002548
30002547
30002546
30002545
30002544
30002543
30012547
30002573
30042547
30002570
30022547
30002568
30032547
30002569
30002571
30002572
30002528
30002527
30002530
30002529
30002526
30002525
30002524
30042505
30002512
30002515
30002513
30002514
30002516
30002517
30002537
30002542
30002541
30002540
30002539
30002538
30002562
30002563
30002564
30002565
30002566
30002567
60001837
30002383
30002384
30002385
30002386
30002389
30002388
30002387
30002390
30002392
30002391
30002395
30002393
30002394
30002420
30002419
30002418
30002417
30002416
30002415
30002414
30002413
30002409
30002410
30002408
30002412
30002401
30002399
30002400
30002398
30002397
30002396
30002402
30002407
30002406
30002403
30002404
30002405
60004780
30003520
30003521
30033489
30003527
30003524
30003522
30003523
30003525
30003526
30002220
30002224
30002223
30002222
30002221
30003546
30003551
30003552
30003550
30003549
30003547
30003545
30003548
30003538
30003544
30003540
30003539
30003541
30003542
30003543
30003482
30003485
30003486
30003484
30003481
30003483
30003559
30003564
30003563
30003562
30003560
30003561
30002219
30002216
30002215
30002217
30002214
30002213
30002211
30002210
30002212
30002218
30002252
30002256
30002255
30002254
30002253
30002251
30002234
30002230
30002228
30002235
30002232
30002231
30002227
30002226
30002229
30002233
30003493
30003496
30003494
30003498
30003497
30003499
30003492
30003490
30003488
30003491
30003489
30003487
30013489
30003501
30003505
30003500
30003502
30003506
30003503
30002187
30002189
30002196
30002195
30002190
30002194
30002192
30002191
30002188
30002193
30002197
30002203
30002198
30002200
30002199
30002201
30002202
30002236
30002239
30002240
30002241
30002238
30002237
30002244
30002248
30002247
30002245
30002243
30002242
30002250
30002246
30002249
30002282
30023489
30002281
30002280
30002279
30002278
30002277
30002276
30002257
30002258
30002259
30002260
30002261
30002262
30002263
30002266
30002264
30002265
30002267
30002268
30002208
30002205
30002209
30002204
30002206
30002207
30003553
30003555
30003558
30003554
30003556
30003557
30002269
30002273
30002271
30002272
30002270
30002274
30002275
30003514
30003513
30003517
30003519
30003518
30003515
30003516
30003531
30003536
30003535
30003533
30003532
30003529
30003528
30003530
30003537
30003534
30003507
30043489
30003511
30003512
30003510
30003508
30003509
30003475
30003474
30003476
30003473
30003477
30003478
30003479
30003480
60008293
30004136
30004138
30004137
30004141
30004139
30004140
30004089
30004087
30004090
30004086
30004084
30004085
30004088
30004081
30004083
30004080
30004079
30004078
30004082
30004077
30004113
30004111
30004110
30004115
30004114
30004112
30004107
30004109
30004108
30004106
30004104
30004105
30004122
30004125
30004124
30004123
30004126
30004127
30004128
30004129
30004096
30004097
30004095
30004094
30004092
30004091
30004093
30004153
30004151
30004149
30004148
30004150
30004152
30004154
30004130
30004131
30004132
30004133
30004135
30004134
30004142
30004143
30004144
30004145
30004146
30004147
30004155
30004159
30004157
30004160
30004156
30004158
30004098
30004103
30004100
30004099
30004101
30004102
30015042
30004120
30004118
30004117
30004116
30004119
30004121
60006865
30005031
30005033
30005032
30005030
30005034
30005035
30005036
30005040
30005041
30005039
30005043
30005038
30005042
30005037
30045042
30005048
30035042
30005044
30005047
30025042
30005046
30005045
30005049
30005069
30005075
30005071
30005070
30005072
30005073
30005074
30005080
30005077
30005078
30005076
30005079
30005081
30005082
30005083
30005087
30005084
30005085
30005086
30005053
30005051
30005050
30005052
30005054
30005055
30005056
30005057
30005060
30005059
30005058
30005061
30005068
30005067
30005066
30005065
30005064
30005063
30005062
60010405
30003922
30003921
30003918
30003917
30003919
30003920
30003923
30003924
30003926
30003925
30003927
30003928
30003929
30003936
30003939
30003937
30003938
30003940
30003941
30003930
30003931
30003935
30003933
30003932
30003934
30003900
30003901
30003899
30003897
30003896
30003898
30003902
30003886
30003887
30003885
30003884
30003883
30003882
30003866
30003862
30003861
30003863
30003860
30003859
30003858
30003864
30003865
30003888
30003890
30003891
30003894
30003892
30003893
30003895
30003889
30003875
30003871
30003870
30003872
30003868
30003874
30003873
30003869
30003867
30003876
30003877
30003879
30003878
30003880
30003881
30003911
30003914
30003912
30003913
30003915
30003916
30003907
30003904
30003905
30003908
30003910
30003909
30003903
30003906
60013957
30001691
30001693
30001692
30001690
30001689
30001688
30001687
30001672
30001673
30021672
30001674
30001671
30001670
30001669
30001647
30001645
30001644
30001648
30001646
30001649
30001653
30001655
30001654
30001651
30001652
30001650
30001675
30001680
30001676
30001679
30001678
30001677
30001694
30001696
30001699
30001695
30001697
30001698
30001707
30001702
30001700
30001704
30001701
30001706
30001703
30001705
30001727
30031672
30001722
30011672
30001725
30001723
30001724
30001726
30001728
30001733
30001732
30001731
30001730
30001729
30001734
30041672
30001658
30001657
30001656
30001659
30001660
30001661
30001681
30001686
30001685
30001682
30001683
30001684
30001662
30001666
30001664
30001663
30001668
30001667
30001665
30001708
30001709
30001710
30001714
30001713
30001715
30001711
30001712
30001716
30001717
30001718
30001719
30001721
30001720
30001735
30001740
30001738
30001742
30001736
30001737
30001739
30001741
60006613
30001957
30001962
30001959
30001956
30001961
30001958
30001960
30001954
30001953
30001955
30001952
30001951
30001948
30001949
30001950
30001928
30001930
30001927
30001924
30001923
30001925
30001929
30001926
30001903
30001901
30001900
30001899
30001902
30001904
30001937
30001938
30001942
30001940
30001939
30001941
30001944
30001943
30001945
30001946
30001947
30001895
30001896
30001898
30001897
30001894
30001893
30001870
30001869
30001868
30001867
30001871
30001872
30001931
30001934
30001933
30001932
30001935
30001936
30001863
30001866
30001862
30001859
30001864
30001858
30001857
30001860
30001861
30001865
30001856
30001855
30001854
30001853
30001852
30001851
30001842
30001843
30001844
30001840
30001839
30001838
30001841
30001835
30001837
30001836
30001834
30001833
30001832
30001831
30001845
30001850
30001849
30001848
30001847
30001846
30001873
30001879
30001876
30001874
30001875
30001877
30001878
30001880
30001886
30001881
30001885
30001883
30001882
30001884
30001887
30001889
30001888
30001890
30001891
30001892
30001905
30001906
30001907
30001910
30001909
30001908
30001911
30001914
30001912
30001919
30001920
30001921
30001922
30001918
30001917
30001916
30001913
30001915
60014311
30001009
30001010
30001015
30001014
30001011
30001012
30001008
30001007
30001013
30001019
30001017
30001020
30001016
30001018
30001021
30001032
30001030
30001031
30001029
30001034
30001033
30001035
30001001
30001005
30001004
30001002
30001003
30001006
30001025
30001027
30001023
30001026
30001022
30001024
30001028
30001044
30001049
30001046
30001047
30001045
30001048
30001050
30001041
30001036
30001038
30001043
30001042
30001037
30001039
30001040
60012232
30000921
30000925
30000926
30000919
30000923
30000920
30000924
30000922
30000918
30000957
30000962
30000963
30000956
30000961
30000958
30000959
30000960
30000915
30000914
30000912
30000917
30000913
30000916
30000901
30000902
30000903
30000905
30000900
30000904
30000949
30000950
30000951
30000953
30000952
30000954
30000955
30000983
30000984
30000985
30000986
30000987
30000988
30000971
30000974
30000972
30000973
30000975
30000976
30000964
30000967
30000970
30000969
30000966
30000965
30000968
30000942
30000943
30000948
30000945
30000944
30000946
30000947
30000933
30000932
30000934
30000935
30000927
30000928
30000929
30000930
30000931
30000908
30000911
30000910
30000907
30000909
30000906
30000977
30000980
30000978
30000982
30000979
30000981
30000995
30000996
30000999
30000997
30000998
30001000
30000938
30000937
30000941
30000940
30000936
30000939
30000989
30000990
30000992
30000993
30000994
30000991
60012202
30001269
30001273
30001272
30001271
30001270
30001268
30001267
30001264
30001262
30001261
30001263
30001265
30001266
30001280
30001284
30001285
30001283
30001282
30001281
30001286
30001287
30001288
30001289
30001290
30001291
30001300
30001301
30001302
30001303
30001304
30001305
30001306
30001307
30001308
30001309
30001314
30001312
30001313
30001310
30001311
30001337
30001340
30001339
30001338
30001343
30001341
30001342
30001331
30001336
30001333
30001332
30001334
30001335
30001315
30001317
30001321
30001320
30001319
30001318
30001316
30001322
30001323
30001350
30001352
30001351
30001355
30001353
30001354
30001344
30001348
30001349
30001345
30001347
30001346
30001324
30001326
30001325
30001329
30001330
30001327
30001328
30001274
30001275
30001276
30001277
30001278
30001279
30001292
30001299
30001296
30001294
30001293
30001295
30001297
30001298
60012565
30004535
30004536
30004534
30004533
30004537
30004532
30004528
30004527
30004529
30004526
30004530
30004531
30004506
30004507
30004505
30004504
30004503
30004502
30004501
30004499
30004495
30004498
30004494
30004496
30004500
30004493
30004497
30004508
30004512
30004511
30004509
30004510
30004513
30004538
30004539
30004540
30004541
30004542
30004543
30004544
30004545
30004546
30004551
30004547
30004548
30004549
30004550
30004514
30004515
30004516
30004519
30004517
30004518
30004520
30004521
30004522
30004523
30004524
30004525
60012589
30004552
30004554
30004553
30004558
30004557
30004555
30004556
30004567
30004568
30004572
30004571
30004569
30004570
30004602
30004606
30004603
30004604
30004607
30004605
30004643
30004648
30004645
30004644
30004646
30004647
30004617
30004623
30004619
30004622
30004618
30004620
30004621
30004636
30004639
30004642
30004640
30004641
30004637
30004638
30004655
30004660
30004659
30004658
30004657
30004656
30004600
30004598
30004601
30004599
30004597
30004596
30004577
30004580
30004579
30004576
30004582
30004573
30004574
30004575
30004578
30004581
30004583
30004590
30004591
30004592
30004593
30004594
30004595
30004608
30004611
30004616
30004614
30004613
30004612
30004609
30004610
30004615
30004559
30004566
30004560
30004565
30004563
30004561
30004562
30004564
30004624
30004629
30004628
30004627
30004625
30004626
30004584
30004585
30004589
30004586
30004587
30004588
30004661
30004666
30004664
30004662
30004663
30004665
30004630
30004633
30004632
30004634
30004635
30004631
30004649
30004652
30004651
30004654
30004650
30004653
60012910
30004777
30004776
30004774
30004775
30004773
30004772
30004736
30004733
30004732
30004734
30004731
30004730
30004735
30004759
30004764
30004762
30004765
30004760
30004761
30004763
30004716
30004714
30004713
30004712
30004715
30004717
30004724
30004729
30004727
30004725
30004726
30004728
30004744
30004747
30004748
30004745
30004749
30004746
30004766
30004768
30004770
30004767
30004769
30004771
30004784
30004785
30004786
30004789
30004787
30004788
30004737
30004741
30004739
30004738
30004740
30004742
30004743
30004708
30004709
30004707
30004706
30004710
30004711
30004718
30004721
30004722
30004719
30004720
30004723
30004750
30004757
30004755
30004752
30004751
30004753
30004754
30004756
30004758
30004778
30004783
30004779
30004780
30004781
30004782
30004796
30004797
30004800
30004798
30004799
30004801
30004802
30004790
30004793
30004794
30004791
30004792
30004795
60014951
30002046
30002047
30002045
30002044
30002043
30002042
30002033
30002034
30002032
30002030
30002031
30002029
30002019
30002020
30002016
30002017
30002018
30002021
30002022
30002035
30002039
30002040
30002036
30002041
30002037
30002038
30001980
30001981
30001979
30001978
30001977
30001982
30001983
30001967
30001966
30001963
30001964
30001965
30001968
30001969
30001973
30001974
30001971
30001970
30001972
30001975
30001976
30001991
30001992
30001993
30001997
30001994
30001996
30001995
30001998
30001999
30002003
30002001
30002000
30002002
30001987
30001990
30001984
30001985
30001988
30001986
30001989
30002010
30002012
30002011
30002013
30002015
30002014
30002007
30002005
30002004
30002006
30002009
30002008
30002023
30002024
30002028
30002027
30002025
30002026
60012595
30002475
30002474
30002479
30002477
30002480
30002476
30002478
30002473
30002433
30002435
30002436
30002437
30002431
30002428
30002429
30002434
30002430
30002432
30002493
30002498
30002497
30002496
30002494
30002495
30002423
30002426
30002421
30002422
30002424
30002425
30002427
30002444
30002445
30002446
30002447
30002448
30002449
30002450
30002467
30002468
30002469
30002470
30002471
30002472
30002457
30002459
30002465
30002463
30002464
30002462
30002461
30002458
30002460
30002466
30002481
30002490
30002489
30002488
30002487
30002485
30002492
30002491
30002486
30002484
30002482
30002483
30002499
30002500
30002501
30002502
30002503
30002504
30002438
30002441
30002443
30002442
30002440
30002439
30002451
30002452
30002455
30002454
30002453
30002456
60012730
30000225
30000227
30000226
30000224
30000223
30000222
30000210
30000212
30000209
30000214
30000208
30000211
30000213
30000268
30000271
30000269
30000270
30000272
30000273
30000242
30000240
30000243
30000238
30000239
30000241
30000253
30000251
30000248
30000246
30000247
30000245
30000244
30000249
30000252
30000250
30000256
30000254
30000260
30000259
30000258
30000255
30000257
30000229
30000231
30000230
30000237
30000234
30000232
30000228
30000235
30000233
30000236
30000267
30000266
30000265
30000263
30000262
30000261
30000264
30000301
30000303
30000302
30000304
30000305
30000306
30000308
30000312
30000313
30000311
30000310
30000309
30000307
30000299
30000297
30000296
30000295
30000298
30000300
30000280
30000281
30000287
30000282
30000283
30000286
30000284
30000285
30000288
30000323
30000322
30000320
30000321
30000324
30000325
30000314
30000315
30000316
30000317
30000319
30000318
30000290
30000289
30000293
30000291
30000292
30000294
30000274
30000275
30000276
30000279
30000277
30000278
30000215
30000219
30000216
30000221
30000220
30000217
30000218
60000964
30000864
30000865
30000863
30000861
30000866
30000862
30000853
30000854
30000859
30000855
30000856
30000852
30000860
30000858
30000857
30000879
30000881
30000885
30000880
30000882
30000883
30000884
30000886
30000887
30000888
30000889
30000893
30000890
30000891
30000892
30000877
30000878
30000876
30000875
30000874
30000873
30000846
30000848
30000847
30000850
30000849
30000851
30000867
30000868
30000869
30000870
30000871
30000872
30000894
30000895
30000896
30000897
30000898
30000899
60012568
30003612
30003616
30003615
30003614
30003613
30003611
30003610
30003609
30003608
30003617
30003622
30003618
30003620
30003619
30003621
30003658
30003662
30003661
30003660
30003659
30003663
30003664
30003669
30003667
30003665
30003666
30003668
30003673
30003675
30003674
30003672
30003671
30003670
30003640
30003643
30003642
30003641
30003638
30003636
30003639
30003637
30003630
30003635
30003629
30003634
30003633
30003631
30003632
30003623
30003625
30003627
30003624
30003626
30003628
30003650
30003651
30003654
30003655
30003657
30003656
30003653
30003652
30003644
30003645
30003648
30003646
30003647
30003649
60012577
30004334
30004329
30004330
30004332
30004333
30004331
30004335
30004336
30004338
30004337
30004339
30004340
30004371
30004372
30004373
30004374
30004375
30004376
30004377
30004397
30004401
30004400
30004402
30004399
30004398
30004403
30004363
30004361
30004359
30004362
30004360
30004358
30004357
30004320
30004322
30004321
30004319
30004318
30004317
30004314
30004313
30004312
30004311
30004310
30004315
30004316
30004323
30004327
30004324
30004325
30004326
30004328
30004341
30004342
30004343
30004348
30004347
30004344
30004345
30004346
30004349
30004350
30004384
30004388
30004386
30004389
30004385
30004387
30004351
30004353
30004354
30004352
30004355
30004356
30004378
30004383
30004379
30004382
30004380
30004381
30004390
30004394
30004391
30004395
30004392
30004393
30004396
30004364
30004370
30004369
30004368
30004367
30004365
30004366
60012577
30002920
30002918
30002917
30002919
30002916
30002915
30002907
30002904
30002903
30002902
30002905
30002906
30002901
30002898
30002897
30002895
30002896
30002899
30002900
30002893
30002891
30002894
30002890
30002889
30002892
30002908
30002910
30002909
30002912
30002911
30002913
30002914
30002921
30002925
30002924
30002922
30002923
30002926
30002929
30002927
30002928
30002930
30002931
30002932
30002936
30002934
30002933
30002935
30002937
30002938
30002945
30002948
30002949
30002947
30002946
30002944
30002950
30002941
30002939
30002940
30002942
30002943
30002951
30002956
30002952
30002953
30002955
30002954
60012601
30003687
30003689
30003686
30003684
30003683
30003685
30003688
30003690
30003695
30003696
30003694
30003691
30003692
30003693
30003697
30003700
30003698
30003702
30003699
30003701
30003682
30003680
30003681
30003679
30003678
30003677
30003676
60012601
30004070
30004069
30004068
30004067
30004066
30004065
30004056
30004054
30004052
30004051
30004050
30004053
30004055
30004044
30004049
30004048
30004043
30004046
30004045
30004047
30004042
30004040
30004039
30004038
30004037
30004041
30004064
30004060
30004063
30004061
30004062
30004059
30004058
30004057
30004074
30004075
30004076
30004071
30004072
30004073
60015106
30003335
30003332
30003334
30003330
30003333
30003329
30003331
30003327
30003328
30003278
30003279
30003277
30003276
30003274
30003271
30003269
30003268
30003275
30003270
30003273
30003272
30003282
30003281
30003280
30003283
30003285
30003284
30003301
30003304
30003307
30003308
30003306
30003305
30003302
30003303
30003309
30003310
30003311
30003312
30003313
30003314
30003315
30003319
30003317
30003316
30003318
30003368
30003370
30003373
30003371
30003369
30003372
30003286
30003287
30003288
30003289
30003291
30003290
30003293
30003292
30003297
30003300
30003294
30003295
30003296
30003298
30003299
30003320
30003322
30003321
30003324
30003323
30003325
30003326
30003342
30003348
30003346
30003344
30003347
30003343
30003345
30003349
30003350
30003351
30003353
30003354
30003352
30003355
30003360
30003359
30003358
30003356
30003357
30003361
30003362
30003366
30003363
30003367
30003364
30003365
30003336
30003341
30003337
30003338
30003340
30003339
60013438
30000656
30000661
30000665
30000660
30000659
30000658
30000657
30000655
30000662
30000664
30000663
30000671
30000670
30000669
30000668
30000666
30000667
30000673
30000674
30000677
30000676
30000672
30000675
30000678
30000684
30000683
30000679
30000682
30000680
30000681
30000717
30000715
30000719
30000720
30000718
30000716
30000704
30000705
30000707
30000708
30000706
30000703
30000710
30000714
30000709
30000711
30000712
30000713
30000732
30000733
30000735
30000734
30000730
30000731
30000697
30000698
30000701
30000699
30000700
30000702
30000722
30000728
30000727
30000724
30000723
30000721
30000729
30000726
30000725
30000687
30000690
30000688
30000686
30000685
30000689
30000691
30000694
30000695
30000692
30000693
30000696
60012187
30000568
30000567
30000571
30000569
30000565
30000570
30000566
30000605
30000606
30000609
30000607
30000608
30000610
30000554
30000553
30000557
30000552
30000555
30000556
30000594
30000593
30000595
30000597
30000596
30000598
30000533
30000537
30000532
30000531
30000536
30000538
30000534
30000529
30000530
30000535
30000544
30000545
30000541
30000540
30000543
30000542
30000539
30000562
30000559
30000560
30000558
30000561
30000563
30000564
30000546
30000548
30000550
30000551
30000549
30000547
30000600
30000604
30000601
30000599
30000602
30000603
30000585
30000580
30000578
30000582
30000586
30000584
30000583
30000579
30000581
30000572
30000577
30000575
30000576
30000573
30000574
30000588
30000592
30000591
30000589
30000587
30000590
60012187
30000774
30000773
30000770
30000776
30000772
30000775
30000771
30000803
30000802
30000805
30000804
30000806
30000807
30000784
30000787
30000788
30000786
30000783
30000785
30000810
30000811
30000808
30000812
30000809
30000813
30000837
30000836
30000835
30000834
30000831
30000832
30000833
30000742
30000738
30000740
30000741
30000737
30000739
30000736
30000760
30000759
30000762
30000757
30000756
30000758
30000763
30000761
30000777
30000778
30000779
30000780
30000782
30000781
30000791
30000795
30000794
30000793
30000789
30000790
30000792
30000797
30000799
30000796
30000798
30000800
30000801
30000743
30000749
30000748
30000747
30000746
30000745
30000744
30000750
30000754
30000752
30000751
30000755
30000753
30000824
30000825
30000826
30000827
30000828
30000830
30000829
30000845
30000844
30000843
30000842
30000841
30000840
30000839
30000838
30000822
30000823
30000821
30000820
30000819
30000818
30000816
30000817
30000815
30000814
30000769
30000767
30000765
30000766
30000768
30000764
60001039
30000455
30000454
30000459
30000456
30000457
30000458
30000433
30000437
30000436
30000434
30000435
30000438
30000439
30000448
30000449
30000451
30000450
30000447
30000446
30000452
30000453
30000485
30000489
30000486
30000487
30000488
30000490
30000491
30000492
30000493
30000521
30000522
30000526
30000524
30000523
30000525
30000527
30000528
30000445
30000441
30000442
30000440
30000443
30000444
30000466
30000467
30000470
30000468
30000469
30000471
30000479
30000481
30000480
30000482
30000483
30000484
30000498
30000499
30000497
30000496
30000495
30000494
30000461
30000465
30000464
30000460
30000462
30000463
30000502
30000501
30000500
30000505
30000507
30000504
30000503
30000506
30000477
30000478
30000476
30000475
30000472
30000473
30000474
30000508
30000510
30000509
30000511
30000512
30000513
30000514
30000517
30000515
30000516
30000519
30000518
30000520
60012187
30002163
30002161
30002160
30002159
30002162
30002164
30002172
30002175
30002176
30002173
30002174
30002177
30002143
30002141
30002139
30002138
30002140
30002144
30002142
30002104
30002108
30002106
30002107
30002105
30002103
30002122
30002121
30002119
30002117
30002120
30002118
30002133
30002137
30002132
30002130
30002136
30002134
30002135
30002131
30002129
30002153
30002157
30002154
30002155
30002156
30002158
30002123
30002125
30002127
30002124
30002126
30002128
30002110
30002114
30002113
30002111
30002109
30002112
30002115
30002116
30002145
30002148
30002150
30002147
30002146
30002149
30002151
30002152
30002165
30002167
30002168
30002166
30002169
30002170
30002171
30002178
30002186
30002184
30002180
30002185
30002181
30002179
30002182
30002183
60012187
30004871
30004870
30004869
30004868
30004867
30004866
30004857
30004858
30004856
30004854
30004853
30004852
30004855
30004859
30004860
30004861
30004862
30004865
30004863
30004864
30004849
30004851
30004848
30004846
30004845
30004847
30004850
30004844
30004843
30004841
30004840
30004839
30004842
30004838
30004836
30004833
30004832
30004831
30004834
30004837
30004835
30004822
30004823
30004821
30004820
30004819
30004818
30004817
30004810
30004809
30004808
30004807
30004806
30004805
30004804
30004803
30004811
30004815
30004812
30004816
30004814
30004813
30004824
30004830
30004829
30004825
30004828
30004826
30004827
30004872
30004873
30004874
30004875
30004876
30004877
30004878
30004882
30004880
30004879
30004881
30004883
60001039
30004486
30004485
30004484
30004483
30004482
30004480
30004479
30004481
30004478
30004464
30004463
30004462
30004461
30004460
30004459
30004457
30004458
30004456
30004455
30004453
30004451
30004450
30004452
30004454
30004408
30004404
30004406
30004405
30004407
30004409
30004418
30004419
30004422
30004423
30004421
30004420
30004424
30004443
30004448
30004449
30004444
30004445
30004447
30004446
30004425
30004430
30004429
30004435
30004428
30004427
30004426
30004431
30004433
30004432
30004434
30004471
30004475
30004476
30004477
30004474
30004472
30004473
30004436
30004438
30004437
30004439
30004440
30004442
30004441
30004465
30004466
30004467
30004468
30004469
30004470
30004410
30004414
30004413
30004411
30004415
30004412
30004416
30004417
30004487
30004488
30004492
30004489
30004490
30004491
60014335
30003169
30003166
30003165
30003164
30003163
30003167
30003168
30003153
30003151
30003149
30003150
30003148
30003152
30003154
30003157
30003159
30003158
30003162
30003161
30003160
30003156
30003155
30003131
30003129
30003125
30003126
30003127
30003128
30003132
30003130
30003140
30003146
30003145
30003143
30003141
30003142
30003147
30003144
30003112
30003111
30003110
30003109
30003108
30003107
30003105
30003106
30003103
30003098
30003099
30003101
30003100
30003102
30003104
30003113
30003116
30003115
30003114
30003117
30003118
30003119
30003124
30003123
30003122
30003120
30003121
30003133
30003137
30003134
30003139
30003135
30003136
30003138
30003170
30003172
30003171
30003173
30003174
30003175
30003176
30003177
30003179
30003180
30003182
30003181
30003178
60014266
30004671
30004672
30004669
30004667
30004668
30004670
30004673
30004675
30004674
30004676
30004677
30004678
30004679
30004680
30004681
30004685
30004682
30004683
30004684
30004700
30004701
30004702
30004703
30004705
30004704
30004686
30004690
30004688
30004687
30004689
30004691
30004692
30004693
30004698
30004697
30004694
30004699
30004695
30004696
60014335
30004937
30004938
30004935
30004934
30004936
30004939
30004955
30004960
30004957
30004956
30004958
30004959
30004933
30004930
30004932
30004928
30004927
30004929
30004931
30004940
30004945
30004942
30004943
30004946
30004941
30004944
30004947
30004954
30004948
30004950
30004949
30004952
30004951
30004953
30004961
30004964
30004963
30004962
30004965
30004966
60014335
30004027
30004030
30004029
30004026
30004025
30004028
30004017
30004016
30004015
30004018
30004014
30004013
30003967
30003966
30003965
30003964
30003963
30003962
30003951
30003952
30003948
30003949
30003950
30003953
30003954
30003960
30003958
30003955
30003961
30003956
30003957
30003959
30004019
30004022
30004020
30004021
30004023
30004024
30003995
30003994
30003992
30003993
30003991
30003990
30003981
30003978
30003983
30003979
30003980
30003982
30003996
30004001
30004002
30003997
30003998
30003999
30004000
30004003
30004006
30004007
30004005
30004004
30004010
30004012
30004009
30004008
30004011
30004031
30004033
30004036
30004034
30004032
30004035
30003968
30003974
30003977
30003975
30003973
30003972
30003971
30003969
30003970
30003976
30003984
30003989
30003985
30003986
30003987
30003988
30003947
30003945
30003943
30003946
30003942
30003944
60013990
30001161
30001158
30001153
30001160
30001154
30001157
30001155
30001156
30001162
30001159
30001197
30001193
30001188
30001194
30001189
30001191
30001195
30001190
30001192
30001196
30001168
30001169
30001167
30001166
30001164
30001165
30001163
30001178
30001176
30001177
30001179
30001180
30001181
30001205
30001207
30001208
30001206
30001209
30001212
30001210
30001211
30001231
30001230
30001229
30001228
30001227
30001226
30001234
30001233
30001232
30001237
30001235
30001236
30001198
30001203
30001204
30001200
30001201
30001199
30001202
30001219
30001225
30001224
30001220
30001221
30001222
30001223
30001238
30001241
30001239
30001240
30001242
30001243
30001244
30001245
30001246
30001252
30001248
30001247
30001249
30001250
30001251
30001253
30001254
30001256
30001255
30001257
30001258
30001259
30001260
30001213
30001214
30001218
30001217
30001216
30001215
30001171
30001175
30001174
30001172
30001170
30001173
30001182
30001187
30001183
30001184
30001185
30001186
60012778
30002301
30002298
30002297
30002299
30002296
30002300
30002288
30002284
30002283
30002286
30002287
30002285
30002303
30002308
30002304
30002306
30002307
30002310
30002309
30002302
30002305
30002380
30002379
30002377
30002378
30002381
30002382
30002343
30002342
30002340
30002341
30002339
30002338
30002337
30002294
30002291
30002292
30002293
30002290
30002289
30002295
30002321
30002318
30002322
30002320
30002319
30002317
30002311
30002312
30002314
30002313
30002315
30002316
30002356
30002361
30002357
30002358
30002359
30002360
30002362
30002363
30002370
30002374
30002373
30002375
30002371
30002376
30002372
30002355
30002354
30002352
30002353
30002351
30002350
30002324
30002330
30002328
30002329
30002327
30002326
30002323
30002325
30002331
30002335
30002332
30002333
30002334
30002336
30002344
30002345
30002348
30002346
30002349
30002347
30002366
30002365
30002369
30002367
30002368
30002364
60001624
30002835
30002838
30002834
30002837
30002833
30002836
30002853
30002860
30002859
30002858
30002856
30002854
30002855
30002857
30002868
30002871
30002873
30002869
30002870
30002872
30002867
30002866
30002865
30002864
30002863
30002862
30002861
30002844
30002841
30002839
30002840
30002843
30002842
30002845
30002848
30002849
30002847
30002852
30002846
30002851
30002850
30002827
30002831
30002828
30002829
30002830
30002832
30002820
30002822
30002821
30002823
30002826
30002824
30002825
30002881
30002887
30002883
30002882
30002885
30002884
30002886
30002888
30002874
30002880
30002877
30002878
30002879
30002875
30002876
60001624
30001057
30001061
30001058
30001059
30001060
30001062
30001127
30001129
30001128
30001126
30001131
30001130
30001087
30001086
30001085
30001083
30001084
30001088
30001090
30001089
30001082
30001079
30001076
30001075
30001081
30001078
30001077
30001080
30001056
30001054
30001052
30001051
30001053
30001055
30001109
30001115
30001113
30001111
30001110
30001116
30001112
30001114
30001066
30001063
30001068
30001065
30001064
30001067
30001146
30001144
30001142
30001141
30001140
30001143
30001145
30001102
30001101
30001100
30001099
30001098
30001097
30001091
30001095
30001092
30001093
30001094
30001096
30001132
30001133
30001134
30001137
30001138
30001139
30001135
30001136
30001074
30001073
30001072
30001071
30001069
30001070
30001103
30001108
30001107
30001106
30001104
30001105
30001117
30001124
30001125
30001118
30001119
30001122
30001121
30001123
30001120
30001147
30001149
30001148
30001150
30001151
30001152
60012574
30003189
30003187
30003186
30003185
30003183
30003184
30003188
30003190
30003191
30003192
30003194
30003193
30003195
30003196
30003210
30003213
30003214
30003215
30003211
30003212
30003229
30003233
30003232
30003234
30003231
30003230
30003242
30003243
30003247
30003248
30003245
30003244
30003246
30003265
30003263
30003262
30003261
30003264
30003266
30003267
30003206
30003207
30003205
30003204
30003208
30003209
30003223
30003226
30003224
30003228
30003225
30003227
30003203
30003202
30003200
30003199
30003201
30003198
30003197
30003235
30003239
30003237
30003238
30003236
30003240
30003241
30003255
30003256
30003259
30003257
30003258
30003260
30003249
30003253
30003251
30003250
30003252
30003254
30003216
30003217
30003222
30003220
30003218
30003219
30003221
60012574
30005175
30005174
30005176
30005177
30005178
30005179
30005156
30005155
30005152
30005153
30005157
30005154
30005105
30005102
30005101
30005100
30005103
30005104
30005185
30005182
30005181
30005184
30005183
30005180
30005168
30005170
30005169
30005171
30005172
30005173
30005122
30005118
30005121
30005120
30005119
30005117
30005116
30005092
30005090
30005088
30005089
30005091
30005093
30005106
30005115
30005114
30005107
30005111
30005110
30005109
30005108
30005112
30005113
30005160
30005165
30005162
30005158
30005166
30005167
30005161
30005159
30005163
30005164
30005123
30005126
30005128
30005127
30005125
30005124
30005145
30005150
30005149
30005148
30005147
30005146
30005151
30005186
30005191
30005190
30005189
30005188
30005187
30005133
30005132
30005129
30005130
30005131
30005137
30005135
30005138
30005134
30005136
30005095
30005099
30005094
30005097
30005096
30005098
30005139
30005143
30005144
30005141
30005140
30005142
60012574
30001796
30001801
30001799
30001798
30001797
30001800
30001802
30001803
30001804
30001743
30001744
30001746
30001748
30001747
30001745
30001749
30001754
30001750
30001753
30001751
30001752
30001755
30001756
30001757
30001759
30001760
30001761
30001758
30001762
30001765
30001766
30001764
30001763
30001767
30001768
30001771
30001770
30001769
30001772
30001773
30001824
30001823
30001822
30001821
30001819
30001818
30001820
30001816
30001817
30001815
30001812
30001811
30001813
30001814
30001825
30001829
30001827
30001826
30001828
30001830
30001810
30001807
30001808
30001809
30001806
30001805
30001781
30001782
30001780
30001779
30001775
30001774
30001776
30001778
30001777
30001789
30001795
30001794
30001793
30001792
30001790
30001791
30001783
30001788
30001787
30001785
30001784
30001786
60012574
